--- Make.user.orig	2017-07-06 17:13:15.000000000 +0000
+++ Make.user	2017-07-06 17:14:47.000000000 +0000
@@ -2,7 +2,7 @@
 USE_SYSTEM_GMP=		1
 USE_SYSTEM_LAPACK=	1
 USE_SYSTEM_LIBGIT2=	1
-USE_SYSTEM_LIBUNWIND=	1
+USE_SYSTEM_LIBUNWIND=	0
 USE_SYSTEM_LIBUV=	0
 USE_SYSTEM_LLVM=	1
 USE_SYSTEM_MPFR=	1
